2025-03-18 23:54:31,531 - ocr_tools.ocr_predictor - INFO - Line: 25 - self.model_folder_path='C:\\Users\\table\\PycharmProjects\\MojeCos\\mocny_ocr/models/model1'
2025-03-18 23:55:02,904 - ocr_tools.ocr_predictor - INFO - Line: 25 - self.model_folder_path='C:\\Users\\table\\PycharmProjects\\MojeCos\\mocny_ocr/models/model1'
2025-03-18 23:55:02,904 - ocr_tools.ocr_predictor - INFO - Line: 29 - self.model_file='C:\\Users\\table\\PycharmProjects\\MojeCos\\mocny_ocr/models/model1\\ocr_model.h5'
2025-03-18 23:55:02,904 - ocr_tools.ocr_predictor - INFO - Line: 30 - self.num2char_file='C:\\Users\\table\\PycharmProjects\\MojeCos\\mocny_ocr/models/model1\\num_to_char.pkl'
2025-03-18 23:55:03,728 - ocr_tools.ocr_predictor - INFO - Line: 35 - Model loaded
2025-03-18 23:55:03,871 - ocr_tools.ocr_predictor - INFO - Line: 95 - get_predictions: 2, img_size=(32, 128)
2025-03-18 23:55:03,871 - ocr_tools.ocr_predictor - INFO - Line: 39 - distortion_free_resize: image.shape=TensorShape([72, 395, 1]), img_size=(32, 128)
2025-03-18 23:55:03,897 - ocr_tools.ocr_predictor - INFO - Line: 39 - distortion_free_resize: image.shape=TensorShape([83, 144, 1]), img_size=(32, 128)
2025-03-18 23:55:04,653 - ocr_tools.ocr_predictor - INFO - Line: 79 - decode_batch_predictions: pred.shape=(2, 32, 80), pred=array([[[2.12364105e-18, 6.01659966e-09, 1.08996282e-07, ...,
         1.73984282e-11, 7.55784584e-12, 2.41660891e-09],
        [1.05414283e-28, 3.21964415e-20, 1.19360708e-21, ...,
         7.43970697e-24, 1.13821695e-23, 1.00000000e+00],
        [3.87680035e-32, 6.19466405e-23, 1.32712443e-26, ...,
         6.35809833e-27, 7.30198004e-27, 1.00000000e+00],
        ...,
        [1.62333343e-23, 1.81325981e-17, 5.86426490e-19, ...,
         7.36537386e-19, 2.16725920e-17, 1.00000000e+00],
        [4.78443748e-19, 1.03929275e-10, 4.66649043e-15, ...,
         3.16319520e-15, 2.58400804e-13, 7.14037800e-03],
        [6.49796073e-19, 5.18719165e-11, 1.05108225e-14, ...,
         1.04393363e-14, 4.98459726e-13, 1.01719834e-10]],

       [[1.78335820e-15, 5.29118025e-12, 5.34987432e-09, ...,
         5.56335700e-10, 3.93979676e-08, 1.53826633e-07],
        [4.43378925e-29, 1.67551453e-24, 1.26385796e-23, ...,
         1.58317205e-23, 1.87587730e-18, 1.00000000e+00],
        [0.00000000e+00, 7.72591309e-35, 1.87639104e-35, ...,
         1.18936662e-36, 3.01278217e-29, 1.00000000e+00],
        ...,
        [6.65204888e-29, 6.24644601e-22, 3.34198272e-26, ...,
         4.50528718e-25, 8.85083003e-23, 1.00000000e+00],
        [1.77285372e-29, 1.36910849e-22, 1.50179949e-26, ...,
         1.03334141e-25, 1.72871515e-23, 1.00000000e+00],
        [1.48770776e-29, 5.73444133e-23, 1.36938257e-26, ...,
         7.84866249e-26, 1.03126721e-23, 1.00000000e+00]]], dtype=float32)
2025-03-18 23:55:19,418 - ocr_tools.ocr_predictor - INFO - Line: 25 - self.model_folder_path='C:\\Users\\table\\PycharmProjects\\MojeCos\\mocny_ocr/models/model1'
2025-03-18 23:55:19,419 - ocr_tools.ocr_predictor - INFO - Line: 29 - self.model_file='C:\\Users\\table\\PycharmProjects\\MojeCos\\mocny_ocr/models/model1\\ocr_model.h5'
2025-03-18 23:55:19,419 - ocr_tools.ocr_predictor - INFO - Line: 30 - self.num2char_file='C:\\Users\\table\\PycharmProjects\\MojeCos\\mocny_ocr/models/model1\\num_to_char.pkl'
2025-03-18 23:55:20,257 - ocr_tools.ocr_predictor - INFO - Line: 35 - Model loaded
2025-03-18 23:55:20,368 - ocr_tools.ocr_predictor - INFO - Line: 95 - get_predictions: 1, img_size=(32, 128)
2025-03-18 23:55:20,368 - ocr_tools.ocr_predictor - INFO - Line: 39 - distortion_free_resize: image.shape=TensorShape([34, 82, 1]), img_size=(32, 128)
2025-03-18 23:55:21,263 - ocr_tools.ocr_predictor - INFO - Line: 79 - decode_batch_predictions: pred.shape=(1, 32, 80), pred=array([[[7.2492755e-11, 5.3935537e-07, 5.1026318e-06, ...,
         7.4398005e-04, 2.5310488e-03, 1.6477445e-04],
        [4.1639095e-27, 1.5492695e-20, 1.5719428e-23, ...,
         2.6884531e-19, 7.9581289e-19, 1.0000000e+00],
        [7.2096918e-37, 8.6109513e-29, 4.6036194e-33, ...,
         2.8916887e-29, 4.3767904e-28, 1.0000000e+00],
        ...,
        [5.5917778e-32, 3.2916389e-26, 9.1600501e-30, ...,
         3.2556967e-27, 6.2298225e-26, 1.0000000e+00],
        [8.8026365e-33, 7.2430273e-27, 2.3866995e-30, ...,
         2.7050035e-28, 1.0695358e-26, 1.0000000e+00],
        [2.6054114e-33, 2.1023328e-27, 9.7433426e-31, ...,
         2.9836401e-29, 2.5509553e-27, 1.0000000e+00]]], dtype=float32)
2025-03-18 23:55:21,282 - ocr_tools.ocr_predictor - INFO - Line: 95 - get_predictions: 1, img_size=(32, 128)
2025-03-18 23:55:21,282 - ocr_tools.ocr_predictor - INFO - Line: 39 - distortion_free_resize: image.shape=TensorShape([72, 395, 1]), img_size=(32, 128)
2025-03-18 23:55:21,357 - ocr_tools.ocr_predictor - INFO - Line: 79 - decode_batch_predictions: pred.shape=(1, 32, 80), pred=array([[[2.12364105e-18, 6.01662276e-09, 1.08996069e-07, ...,
         1.73984282e-11, 7.55784584e-12, 2.41661358e-09],
        [1.05415077e-28, 3.21966870e-20, 1.19363445e-21, ...,
         7.43981977e-24, 1.13823872e-23, 1.00000000e+00],
        [3.87680035e-32, 6.19468803e-23, 1.32713460e-26, ...,
         6.35819540e-27, 7.30195230e-27, 1.00000000e+00],
        ...,
        [1.62335189e-23, 1.81325981e-17, 5.86437657e-19, ...,
         7.36543021e-19, 2.16728385e-17, 1.00000000e+00],
        [4.78445661e-19, 1.03929289e-10, 4.66650906e-15, ...,
         3.16319584e-15, 2.58401346e-13, 7.14022620e-03],
        [6.49791110e-19, 5.18719165e-11, 1.05106226e-14, ...,
         1.04392169e-14, 4.98457829e-13, 1.01720805e-10]]], dtype=float32)
